# obsid
303
305
306
307
308
309
310
311
312
313
314
1575
1576
1577
1580
1581
1582
1583
1584
1585
1854
2017
2049
2050
2051
2052
2053
2054
2494
2894
2895
2896
2897
2898
2899
2900
2901
2902
4360
4536
4541
4678
4679
4680
4681
4682
4691
4719
4720
4721
4722
4723
5690
6167
7064
7067
7068
7136
7137
7138
7139
7140
8183
8184
8185
8186
8187
8191
8192
8193
8194
8195
9520
9521
9522
9523
9524
9529
10551
10552
10553
10554
10555
10715
10716
10717
10718
10719
11252
11256
11275
11276
11277
11278
11279
11838
11839
11840
11841
11842
12160
12161
12162
12163
12164
12970
12971
12972
12973
12974
13298
13299
13300
13301
13302
13825
13826
13827
13828
13833
13834
13835
13836
13837
14195
14196
14197
14198
14927
14928
14929
14930
14931
15267
15324
15325
15326
15327
15328
16294
16295
16296
16297
16298
17008
17009
17010
17011
17012
17013
17443
17444
17445
17446
17447
17637
18046
22585
24754
